4 12 8 8 4 4 8 4 20 8 8 8 4 4 8 4
4 12 8 8 4 4 8 4 12 8 8 8 4 4 8 4
8 12 8 8 4 4 8 4 8 8 8 8 4 4 8 4
8 12 8 8 12 12 12 4 8 8 8 8 4 4 8 4
4 4 4 4 4 4 8 4 4 4 4 4 4 4 8 4
4 4 4 4 4 4 8 4 4 4 4 4 4 4 8 4
4 4 4 4 4 4 8 4 4 4 4 4 4 4 8 4
8 8 8 8 8 8 4 8 4 4 4 4 4 4 8 4
4 4 4 4 4 4 8 4 4 4 4 4 4 4 8 4
4 4 4 4 4 4 8 4 4 4 4 4 4 4 8 4
4 4 4 4 4 4 8 4 4 4 4 4 4 4 8 4
4 4 4 4 4 4 8 4 4 4 4 4 4 4 8 4
8 12 12 16 12 16 8 16 8 16 12 4 12 24 8 16
8 12 12 0 12 16 8 16 8 16 12 0 12 0 8 16
12 12 8 0 0 16 8 16 16 4 16 0 0 0 8 16
12 12 8 4 0 16 8 16 12 8 16 4 0 0 8 16 



4 12 8 8 4 4 8 4 20 8 8 8 4 4 8 4
4 12 8 8 4 4 8 4 12 8 8 8 4 4 8 4
12 12 8 8 4 4 8 4 12 8 8 8 4 4 8 4
12 12 8 8 12 12 12 4 12 8 8 8 4 4 8 4
4 4 4 4 4 4 8 4 4 4 4 4 4 4 8 4
4 4 4 4 4 4 8 4 4 4 4 4 4 4 8 4
4 4 4 4 4 4 8 4 4 4 4 4 4 4 8 4
8 8 8 8 8 8 4 8 4 4 4 4 4 4 8 4
4 4 4 4 4 4 8 4 4 4 4 4 4 4 8 4
4 4 4 4 4 4 8 4 4 4 4 4 4 4 8 4
4 4 4 4 4 4 8 4 4 4 4 4 4 4 8 4
4 4 4 4 4 4 8 4 4 4 4 4 4 4 8 4
20 12 16 16 24 16 8 16 20 16 16 4 24 24 8 16
20 12 16 0 24 16 8 16 20 16 16 0 24 0 8 16
12 12 8 0 0 16 8 16 16 4 16 0 0 0 8 16
12 12 8 4 0 16 8 16 12 8 16 4 0 0 8 16 
